Mtx: 
402.19 0.00 1187.23
0.00 321.61 2286.73
0.00 0.00 1.00
Revcs: 
[array([[-0.95128028],
       [-1.25571175],
       [-0.71327465]]), array([[-0.09610746],
       [-0.06405262],
       [-1.57407625]])]
Tvecs: 
[array([[-7.0602156 ],
       [-0.4895911 ],
       [ 2.51012525]]), array([[ 0.72252766],
       [-0.00339922],
       [ 2.08137002]])]
Dist: 
[[-0.15165436  0.01863983  0.00101603  0.00184165 -0.00093491]]
Mtx: 
402.19 0.00 1187.23
0.00 321.61 2286.73
0.00 0.00 1.00
Revcs: 
[array([[-0.95128028],
       [-1.25571175],
       [-0.71327465]]), array([[-0.09610746],
       [-0.06405262],
       [-1.57407625]])]
Tvecs: 
[array([[-7.0602156 ],
       [-0.4895911 ],
       [ 2.51012525]]), array([[ 0.72252766],
       [-0.00339922],
       [ 2.08137002]])]
Dist: 
[[-0.15165436  0.01863983  0.00101603  0.00184165 -0.00093491]]
w: 
2160
h: 
3840
Mtx: 
402.19 0.00 1187.23
0.00 321.61 2286.73
0.00 0.00 1.00
Revcs: 
[array([[-0.95128028],
       [-1.25571175],
       [-0.71327465]]), array([[-0.09610746],
       [-0.06405262],
       [-1.57407625]])]
Tvecs: 
[array([[-7.0602156 ],
       [-0.4895911 ],
       [ 2.51012525]]), array([[ 0.72252766],
       [-0.00339922],
       [ 2.08137002]])]
Dist: 
[[-0.15165436  0.01863983  0.00101603  0.00184165 -0.00093491]]
w: 
2160
h: 
3840
Mtx: 
402.19 0.00 1187.23
0.00 321.61 2286.73
0.00 0.00 1.00
Revcs: 
[array([[-0.95128028],
       [-1.25571175],
       [-0.71327465]]), array([[-0.09610746],
       [-0.06405262],
       [-1.57407625]])]
Tvecs: 
[array([[-7.0602156 ],
       [-0.4895911 ],
       [ 2.51012525]]), array([[ 0.72252766],
       [-0.00339922],
       [ 2.08137002]])]
Dist: 
[[-0.15165436  0.01863983  0.00101603  0.00184165 -0.00093491]]
w: 
2160
h: 
3840
